101 1 201
102 1 202
103 1 203
104 1 204
105 1 205
106 1 206
107 1 207
108 1 208
109 1 209
110 1 210
111 1 211
112 1 212
113 1 213
114 1 214
115 1 215
116 1 216
117 1 217
118 1 218
201 10 101 202 203 204 205 206 215 216 217 218
202 2 102 201
203 2 103 201 
204 3 104 201 216
205 3 105 201 218
206 2 106 201 
207 6 107 211 212 213 214 218   
208 2 108 218 
209 2 109 218
210 2 110 218
211 2 111 207
212 2 112 207
213 2 113 207
214 2 114 207
215 2 115 201
216 3 116 201 204
217 2 117 201
218 7 118 201 205 207 208 209 210 
